60, 10, 100, 70, Zack#
60, 80, 100, 70, Nicolas#
60, 176, 100, 70, Warren#
60, 246, 100, 70, Medha#
60, 342, 100, 70, Dikshyant#
60, 412, 100, 70, Naomi#
193, 10, 100, 70, Li Tong#
193, 80, 100, 70, Samik#
193, 176, 100, 70, Yuval#
193, 246, 100, 70, Shobhin#
193, 342, 100, 70, Surabhi#
193, 412, 100, 70, Barak#
326, 10, 100, 70, Nolann#
326, 80, 100, 70, Yair#
326, 176, 100, 70, Soham#
326, 246, 100, 70, Justin#
326, 342, 100, 70, Rashmi#
326, 412, 100, 70, Shrijit#
600, 10, 100, 70, Noa#
600, 80, 100, 70, David#
600, 176, 100, 70, Adam#
600, 246, 100, 70, Abhishek#
600, 342, 100, 70, Hyoyeol#
600, 412, 100, 70, Anika#
733, 10, 100, 70, Hannah#
733, 80, 100, 70, Marcus#
733, 176, 100, 70, Mihir#
733, 246, 100, 70, Aanya#
733, 342, 100, 70, Tanvi#
733, 412, 100, 70, Alejandro#
866, 10, 100, 70, Mihir#
866, 80, 100, 70, Manasa#
866, 176, 100, 70, Zain#
866, 246, 100, 70, Ria#
866, 342, 100, 70, Andrew#
866, 412, 100, 70, Sattvika#
