60, 10, 100, 70,  #
60, 80, 100, 70, Nycole#
60, 176, 100, 70, Jonathan#
60, 246, 100, 70, Liam#
60, 342, 100, 70, Brian#
60, 412, 100, 70, Devan#
193, 10, 100, 70, Maisha#
193, 80, 100, 70, Shriya#
193, 176, 100, 70, Satyansh#
193, 246, 100, 70, Milandev#
193, 342, 100, 70, Asaf#
193, 412, 100, 70, Ruben#
326, 10, 100, 70, Ofri#
326, 80, 100, 70, Philip#
326, 176, 100, 70, Shirin#
326, 246, 100, 70, Liam#
326, 342, 100, 70, Jason#
326, 412, 100, 70, Nell#
600, 10, 100, 70, Anay#
600, 80, 100, 70, Lavanya#
600, 176, 100, 70, Uriel#
600, 246, 100, 70, Sebastian#
600, 342, 100, 70, Chloe#
600, 412, 100, 70, Mika#
733, 10, 100, 70, Sawyer#
733, 80, 100, 70, Estaban#
733, 176, 100, 70, Sophia#
733, 246, 100, 70, Tomer#
733, 342, 100, 70, Katherine#
733, 412, 100, 70, Raghava#
866, 10, 100, 70, Stanley#
866, 80, 100, 70, Dasen#
866, 176, 100, 70, Elizabeth#
866, 246, 100, 70, Manas#
866, 342, 100, 70, Robert#
866, 412, 100, 70, Jutarat#
