60, 10, 100, 70,  #
60, 80, 100, 70, Roy A#
60, 176, 100, 70, Zachary#
60, 246, 100, 70, Kayura#
60, 342, 100, 70, Sreeganesh#
60, 412, 100, 70, Jerry#
193, 10, 100, 70, Huy#
193, 80, 100, 70, Karen#
193, 176, 100, 70, Akash J#
193, 246, 100, 70, Aryan#
193, 342, 100, 70, Karthik#
193, 412, 100, 70, Sakshi#
326, 10, 100, 70, Abhinav G#
326, 80, 100, 70, Leo#
326, 176, 100, 70, Aakash D#
326, 246, 100, 70, Jacqueline#
326, 342, 100, 70, Diya#
326, 412, 100, 70, Veeryan#
600, 10, 100, 70, Meera#
600, 80, 100, 70, Kevin Z.#
600, 176, 100, 70, Ormi#
600, 246, 100, 70, Yusuf#
600, 342, 100, 70, Manan#
600, 412, 100, 70, Hannah#
733, 10, 100, 70, Dwijen#
733, 80, 100, 70, Yali#
733, 176, 100, 70, Katherina#
733, 246, 100, 70, Anika#
733, 342, 100, 70, Darren#
733, 412, 100, 70, Kyle#
866, 10, 100, 70, Advay#
866, 80, 100, 70, Nina#
866, 176, 100, 70, Siddharth#
866, 246, 100, 70, Kevin#
866, 342, 100, 70, Samuel#
866, 412, 100, 70, Nadav#
