60, 10, 100, 70,  #
60, 80, 100, 70,  #
60, 176, 100, 70, Rashmi#
60, 246, 100, 70, Aanya#
60, 342, 100, 70, Calvin#
60, 412, 100, 70, Yusuf#
193, 10, 100, 70, Atmika#
193, 80, 100, 70, Adil#
193, 176, 100, 70, Kyle#
193, 246, 100, 70, Ronak#
193, 342, 100, 70, James#
193, 412, 100, 70, Pavan#
326, 10, 100, 70, Robert#
326, 80, 100, 70, Nadav#
326, 176, 100, 70, Hannah#
326, 246, 100, 70, Sakshi#
326, 342, 100, 70, Mohana#
326, 412, 100, 70, Mika#
600, 10, 100, 70, Sharada#
600, 80, 100, 70, Samantha#
600, 176, 100, 70, Antara#
600, 246, 100, 70, Anika#
600, 342, 100, 70, Sawyer#
600, 412, 100, 70, Elizabeth#
733, 10, 100, 70, Soham#
733, 80, 100, 70, Maximillian#
733, 176, 100, 70, Windy#
733, 246, 100, 70, Rakhi#
733, 342, 100, 70, Sattvika#
733, 412, 100, 70, Megan#
866, 10, 100, 70,  #
866, 80, 100, 70,  #
866, 176, 100, 70, Alexander#
866, 246, 100, 70, Diya#
866, 342, 100, 70, Hannah#
866, 412, 100, 70, Bryan#
