60, 10, 100, 70,  #
60, 80, 100, 70, Yash G#
60, 176, 100, 70, Ela#
60, 246, 100, 70, Kevin#
60, 342, 100, 70, Clemens#
60, 412, 100, 70, Ethan#
193, 10, 100, 70, Koby#
193, 80, 100, 70, Aidan#
193, 176, 100, 70, Rahul#
193, 246, 100, 70, Parin#
193, 342, 100, 70, Samuel#
193, 412, 100, 70, Yuval#
326, 10, 100, 70, Samhith#
326, 80, 100, 70, Gautham#
326, 176, 100, 70, Nikhil#
326, 246, 100, 70, Maya#
326, 342, 100, 70, Roy D#
326, 412, 100, 70, Dana#
600, 10, 100, 70, Viraj#
600, 80, 100, 70, Taanish#
600, 176, 100, 70, Richard#
600, 246, 100, 70, Tanvi#
600, 342, 100, 70, Marco#
600, 412, 100, 70, Kavin#
733, 10, 100, 70, Tania#
733, 80, 100, 70, Shani#
733, 176, 100, 70, Yash A#
733, 246, 100, 70, Chris O#
733, 342, 100, 70, Evan#
733, 412, 100, 70, Seran#
866, 10, 100, 70, Briana#
866, 80, 100, 70, Roma#
866, 176, 100, 70, Lamitr#
866, 246, 100, 70, Vibhu#
866, 342, 100, 70, El#
866, 412, 100, 70, Peyton#
